0009
0020
0106
0109
0113
0121
0128
0138
0143
0154
0155
0157
0158
0161
0173
0190
0215
0225
0257
0265
0271
0323
0336
0374
0388
0414
0446
0454
0467
0531
0535
0536
0539
0549
0552
0579
0593
0601
0609
0625
0642
0651
0686
0707
0713
0718
0743
0750
0769
0776
0781
0801
0843
0881
0906
0987
1037
1045
1075
1105
1126
1130
1133
1144
1178
1213
1250
1254
1278
1308
1320
1365
1386
1401
1424
1433
1459
1460
1461
1483
1492
1515
1521
1551
1566
1577
1587
1588
1639
1643
1648
1660
1714
1740
1771
1885
1942
1965
1992
2037
