0025
0026
0028
0070
0082
0087
0096
0111
0183
0187
0219
0225
0238
0241
0252
0292
0365
0437
0460
0466
0487
0514
0521
0532
0554
0578
0586
0593
0599
0673
0686
0697
0699
0702
0704
0707
0708
0710
0796
0813
0844
0862
0875
0900
0905
0949
0965
0975
0980
0990
1025
1027
1053
1054
1096
1132
1162
1169
1230
1241
1245
1249
1279
1284
1298
1299
1339
1349
1365
1379
1427
1450
1458
1553
1554
1569
1609
1612
1634
1665
1668
1712
1719
1739
1742
1748
1757
1816
1831
1842
1862
1897
1900
1932
1935
1959
1977
2022
2025
2042
