0003
0006
0007
0009
0010
0015
0016
0018
0019
0021
0022
0023
0024
0027
0029
0032
0033
0035
0037
0038
0039
0041
0068
0074
0078
0080
0081
0087
0088
0091
0158
0159
0161
0173
0200
0201
0302
0318
0338
0346
0351
0357
0359
0364
0436
0458
0459
0662
0663
0764
0768
0770
0784
0785
0787
0797
0805
0806
0821
0831
0838
0846
0850
0852
0877
0884
0912
0943
0952
0960
0970
1040
1056
1063
1069
1073
1079
1080
1082
1084
1089
1092
1126
1427
1429
1436
1444
1451
1452
1458
1465
1479
1484
1495
1498
1503
1512
1520
1521
1537
1544
1562
1564
1565
1566
1568
1570
1573
1576
1586
1597
1605
1612
1627
1628
1644
1654
1685
1686
1687
1693
1704
1710
1729
1742
1758
1764
1766
1771
1814
1833
1838
1839
1841
1861
1862
1878
1881
1892
1894
1903
1937
1939
1943
1945
1953
1975
1985
1992
1995
2016
2025
2034
2035
2041
2046
2047
