0001
0007
0014
0024
0040
0052
0055
0063
0067
0090
0097
0100
0119
0124
0137
0142
0148
0149
0153
0168
0170
0183
0186
0194
0197
0199
0206
0214
0217
0225
0232
0236
0238
0243
0264
0266
0271
0292
0294
0301
0322
0327
0333
0336
0337
0340
0343
0344
0360
0375
0403
0417
0441
0444
0447
0452
0459
0462
0464
0470
0479
0482
0489
0503
0506
0514
0518
0527
0552
0553
0555
0556
0560
0562
0566
0577
0583
0607
0615
0616
0627
0646
0661
0663
0680
0681
0706
0713
0721
0744
0752
0757
0758
0760
0764
0776
0783
0793
0795
0796
0799
0806
0828
0835
0839
0877
0882
0883
0895
0908
0939
0948
0949
0959
0960
0966
0978
1016
1021
1031
1043
1046
1055
1060
1064
1104
1107
1111
1114
1119
1120
1124
1125
1138
1152
1156
1163
1172
1184
1205
1218
1220
1229
1232
1244
1245
1250
1256
1260
1272
1291
1305
1311
1313
1326
1327
1335
1336
1337
1339
1343
1354
1357
1369
1381
1399
1412
1420
1423
1426
1429
1436
1456
1463
1464
1470
1494
1498
1501
1504
1506
1521
1522
1527
1537
1547
1549
1556
1560
1568
1578
1585
1588
1591
1592
1594
1599
1604
1605
1614
1620
1625
1653
1679
1681
1683
1688
1702
1714
1729
1734
1739
1755
1758
1767
1783
1794
1795
1796
1806
1812
1814
1825
1826
1830
1831
1843
1844
1845
1859
1870
1902
1903
1905
1915
1923
1924
1930
1937
1954
1966
1967
1975
1988
1989
1997
2026
2028
2030
2040
